{
"id":87930757051319394495194575115
"emisor":4495194575115
"total":155.270004
}
{
"id":0513193944951
"emisor":87930757
"total":42.360001
}
