{
"id":87930757051319394495194575115
"emisor":4495194575115
"subtotal":197.630005
"isv":29.650000
"total":227.279999
}
{
"id":0513193944951
"emisor":87930757
"subtotal":197.630005
"isv":29.650000
"total":227.279999
}
